A1 A1.n3s 4209.773846 3.118742 -2483.419178 3478.789000 -3046.838000 4940.759000 -1920.000000
A2 A2.n3s 4357.000000 237.515625 -2042.000000 4174.000000 -2286.000000 4540.000000 -1798.000000
A3 A3.n3s 4262.788736 231.671875 -2616.738849 4052.000000 -2713.794000 4473.577000 -2519.683000
A4 A4.n3s 4540.000000 265.343750 -2408.000000 4418.000000 -2652.000000 4662.000000 -2164.000000
A5 A5.n3s 4097.399538 248.628464 -2231.454267 3898.799000 -2441.734000 4296.000000 -2021.174000
A6 A6.n3s 3855.111533 211.310097 -2256.141904 3658.223000 -2470.284000 4052.000000 -2042.000000
A7 A7.n3s 4116.534609 211.288616 -1967.911186 3930.000000 -2068.563000 4303.069000 -1867.260000
A8 A8.n3s 4357.000000 240.234375 -2358.678179 4174.000000 -2553.356000 4540.000000 -2164.000000
A9 A9.n3s 3991.000000 222.109375 -2464.738655 3808.000000 -2530.000000 4174.000000 -2399.477000
B1 B1.n3s 3747.000000 191.687500 -1949.478126 3564.000000 -2100.956000 3930.000000 -1798.000000
B10 B10.n3s 3358.035179 -87.530417 -2442.687500 3152.070000 -2624.968000 3564.000000 -2260.407000
B11 B11.n3s 3209.625000 191.813008 -2120.086876 3072.478000 -2286.000000 3346.772000 -1954.174000
B12 B12.n3s 3503.000000 187.044647 -1921.245799 3320.000000 -2164.000000 3686.000000 -1678.492000
B13 B13.n3s 2949.125000 188.279337 -2324.168659 2697.330000 -2484.337000 3200.920000 -2164.000000
B14 B14.n3s 2603.216280 157.966916 -2256.375000 2466.000000 -2413.979000 2740.433000 -2098.771000
B16 B16.n3s 2359.548656 160.967080 -2113.043887 2131.097000 -2297.639000 2588.000000 -1928.449000
B2 B2.n3s 3625.000000 -86.031685 -2595.752147 3442.000000 -2661.504000 3808.000000 -2530.000000
B3 B3.n3s 3625.000000 183.734375 -2165.489184 3442.000000 -2289.291000 3808.000000 -2041.687000
B4 B4.n3s 3991.000000 221.859375 -1811.683792 3808.000000 -1953.349000 4174.000000 -1670.019000
B5 B5.n3s 3747.000000 186.591144 -1699.727080 3564.000000 -1845.454000 3930.000000 -1554.000000
B6 B6.n3s 2842.273983 166.151341 -2103.368835 2588.000000 -2286.000000 3096.548000 -1920.738000
B8 B8.n3s 3564.000000 205.948859 -2358.825807 3320.000000 -2553.652000 3808.000000 -2164.000000
C1 C1.n3s 3688.619237 224.359375 -800.647151 3564.000000 -901.294300 3813.238000 -700.000000
C10 C10.n3s 3991.000000 201.837387 -1371.000000 3808.000000 -1554.000000 4174.000000 -1188.000000
C11 C11.n3s 4000.298828 217.600108 -1145.740466 3808.000000 -1242.911000 4192.598000 -1048.570000
C12 C12.n3s 3710.355998 207.257757 -1451.659239 3564.000000 -1593.318000 3856.712000 -1310.000000
C13 C13.n3s 3381.000000 233.500000 -960.222593 3076.000000 -1220.445000 3686.000000 -700.000000
C17 C17.n3s 4472.988117 238.880512 -871.507269 4365.121000 -1188.000000 4580.855000 -555.014500
C19 C19.n3s 3242.750000 223.328125 -822.000000 3152.361000 -944.000000 3333.139000 -700.000000
C2 C2.n3s 3837.452534 223.371361 -721.845755 3686.000000 -830.866200 3988.905000 -612.825300
C20 C20.n3s 3324.728251 222.046875 -705.146625 3198.000000 -864.062700 3451.457000 -546.230500
C21 C21.n3s 3551.409240 209.694986 -656.873549 3416.818000 -733.075200 3686.000000 -580.671900
C22 C22.n3s 3632.862736 214.314569 -1268.459169 3514.940000 -1354.892000 3750.785000 -1182.027000
C25 C25.n3s 3381.000000 225.312500 -1197.524812 3198.000000 -1329.050000 3564.000000 -1066.000000
C27 C27.n3s 3255.000000 213.740836 -535.119609 3100.144000 -637.420200 3409.856000 -432.819100
C28 C28.n3s 4330.000000 220.110942 -761.000000 4205.118000 -944.000000 4454.882000 -578.000000
C29 C29.n3s 4051.437162 240.500000 -1608.592699 3894.140000 -1676.499000 4208.734000 -1540.687000
C3 C3.n3s 4222.625000 209.907735 -602.596343 4131.364000 -700.000000 4313.886000 -505.192700
C30 C30.n3s 4580.941406 16.171875 -1587.531945 4174.000000 -2083.087000 4987.883000 -1091.977000
C31 C31.n3s 3791.656134 237.823305 -1005.000000 3653.312000 -1188.000000 3930.000000 -822.000000
C32 C32.n3s 3152.679645 226.503587 -823.013927 3055.473000 -1068.028000 3249.886000 -578.000000
C4 C4.n3s 4479.000000 214.265625 -747.804617 4418.000000 -822.000000 4540.000000 -673.609200
C5 C5.n3s 4052.000000 211.942596 -587.159890 3930.000000 -700.870600 4174.000000 -473.449200
C6 C6.n3s 4567.636358 238.331841 -692.092177 4511.491000 -1095.078000 4623.781000 -289.106700
C7 C7.n3s 4347.126953 249.400286 -1183.116943 4174.000000 -1432.000000 4520.254000 -934.233900
C8 C8.n3s 4003.792969 217.883884 -1017.625497 3808.000000 -1102.246000 4199.586000 -933.005500
C9 C9.n3s 4082.116525 232.865397 -819.886248 3868.233000 -957.882400 4296.000000 -681.890100
D1 D1.n3s 4254.457579 257.353299 -29.000000 4041.992000 -212.000000 4466.923000 154.000000
D10 D10.n3s 3334.513675 218.699017 381.627219 3198.000000 215.227100 3471.027000 548.027300
D11 D11.n3s 4113.000000 229.323646 -334.000000 3930.000000 -578.000000 4296.000000 -90.000000
D12 D12.n3s 3903.037163 233.143582 -157.705078 3686.000000 -347.410200 4120.074000 32.000000
D13 D13.n3s 4432.948108 251.161197 -330.586278 4296.000000 -578.000000 4569.896000 -83.172560
D14 D14.n3s 4376.875000 272.936828 32.000000 4131.451000 -334.000000 4622.299000 398.000000
D15 D15.n3s 3625.000000 241.450771 306.140162 3442.000000 140.362400 3808.000000 471.918000
D16 D16.n3s 3925.932868 280.410940 434.521788 3664.557000 344.711500 4187.309000 524.332000
D2 D2.n3s 3607.182880 216.948898 -96.074294 3516.748000 -224.148600 3697.618000 32.000000
D3 D3.n3s 3468.212484 222.662390 -1.245576 3296.907000 -212.000000 3639.518000 209.508800
D4 D4.n3s 3761.205078 242.353648 25.971645 3592.410000 -118.154300 3930.000000 170.097600
D5 D5.n3s 3996.312500 260.194385 215.000000 3789.949000 32.000000 4202.676000 398.000000
D6 D6.n3s 3328.346622 217.765625 212.770067 3198.000000 149.540100 3458.693000 276.000000
D7 D7.n3s 3546.500000 206.808029 -275.351562 3373.562000 -369.048400 3719.438000 -181.654700
D8 D8.n3s 3137.000000 210.289799 -90.000000 2954.000000 -334.000000 3320.000000 154.000000
D9 D9.n3s 3232.276081 211.387945 -325.587033 3022.552000 -470.291300 3442.000000 -180.882800
E1 E1.n3s 2859.230838 208.122780 204.705869 2760.938000 11.411740 2957.524000 398.000000
E10 E10.n3s 1734.000000 175.140625 -933.098885 1368.000000 -1188.000000 2100.000000 -678.197800
E12 E12.n3s 1724.927734 333.515625 424.292969 1715.855000 398.000000 1734.000000 450.585900
E2 E2.n3s 3015.000000 228.359375 561.772862 2832.000000 359.545700 3198.000000 764.000000
E3 E3.n3s 2670.118337 264.026200 673.570508 2466.000000 583.141000 2874.237000 764.000000
E4 E4.n3s 3002.401564 209.127367 321.609337 2794.842000 123.218700 3209.961000 520.000000
E5 E5.n3s 2655.670386 228.968563 520.000000 2466.000000 398.000000 2845.341000 642.000000
E6 E6.n3s 2072.433594 298.265625 180.924898 1728.117000 -158.150200 2416.750000 520.000000
E7 E7.n3s 1861.458984 234.439825 -401.162025 1500.918000 -712.324100 2222.000000 -90.000000
E8 E8.n3s 2239.650391 297.625000 520.000000 1891.301000 154.000000 2588.000000 886.000000
E9 E9.n3s 2686.205078 260.828125 824.761719 2326.289000 642.000000 3046.121000 1007.523000
F1 F1.n3s 2161.000000 163.019380 -991.687500 2100.000000 -1085.787000 2222.000000 -897.587600
F10 F10.n3s 2312.901228 162.888890 -1021.077854 2194.146000 -1126.919000 2431.656000 -915.236300
F11 F11.n3s 2514.562500 177.171933 -816.468750 2210.383000 -1129.944000 2818.742000 -502.993000
F12 F12.n3s 2502.463098 187.669049 -466.063395 2416.926000 -598.126800 2588.000000 -334.000000
F13 F13.n3s 2405.000000 172.507360 -655.310320 2344.000000 -732.620600 2466.000000 -578.000000
F14 F14.n3s 2660.104545 180.841377 -606.813456 2586.949000 -701.302900 2733.260000 -512.324000
F15 F15.n3s 2389.408929 164.690495 -1181.890596 2312.818000 -1310.000000 2466.000000 -1053.781000
F17 F17.n3s 2291.337619 159.359375 -698.643444 2199.291000 -822.000000 2383.384000 -575.286900
F18 F18.n3s 2457.891098 163.342109 -895.128574 2327.782000 -973.545800 2588.000000 -816.711300
F19 F19.n3s 2344.000000 175.561549 -463.616240 2222.000000 -593.232500 2466.000000 -334.000000
F2 F2.n3s 2360.927451 169.137125 -609.823034 2255.855000 -790.790900 2466.000000 -428.855200
F20 F20.n3s 2594.894549 183.772382 -254.746334 2466.000000 -364.457500 2723.789000 -145.035200
F21 F21.n3s 2622.191654 181.940184 -461.662121 2534.383000 -578.000000 2710.000000 -345.324200
F22 F22.n3s 2635.839241 159.522356 -893.509502 2560.477000 -965.019000 2711.201000 -822.000000
F23 F23.n3s 2787.533288 200.583869 -90.817896 2664.363000 -257.377600 2910.703000 75.741810
F24 F24.n3s 2551.686085 174.076313 -1073.754262 2393.372000 -1204.316000 2710.000000 -943.192100
F25 F25.n3s 2893.000000 187.867188 -359.760085 2710.000000 -507.520200 3076.000000 -212.000000
F26 F26.n3s 2834.379297 175.711381 -639.000000 2703.575000 -822.000000 2965.184000 -456.000000
F3 F3.n3s 2480.034727 178.093750 -346.034979 2399.277000 -402.218400 2560.792000 -289.851600
F4 F4.n3s 2588.000000 177.500000 -700.000000 2466.000000 -822.000000 2710.000000 -578.000000
F5 F5.n3s 2746.961402 161.433594 -821.826172 2651.818000 -943.652300 2842.105000 -700.000000
F6 F6.n3s 2252.550906 145.477836 -857.521449 2100.480000 -1015.043000 2404.621000 -700.000000
F7 F7.n3s 2266.602192 162.382171 -1188.000000 2189.204000 -1310.000000 2344.000000 -1066.000000
F8 F8.n3s 2137.677734 161.019113 -1163.814154 2053.355000 -1310.000000 2222.000000 -1017.628000
F9 F9.n3s 2649.000000 183.234375 -395.000000 2588.000000 -456.000000 2710.000000 -334.000000
G1 G1.n3s 2083.441772 160.035998 -1647.365062 1944.884000 -1798.000000 2222.000000 -1496.730000
G10 G10.n3s 2277.142274 157.426215 -1365.220947 2186.596000 -1473.223000 2367.689000 -1257.219000
G11 G11.n3s 1917.000000 159.890625 -1800.280105 1734.000000 -1924.560000 2100.000000 -1676.000000
G12 G12.n3s 2344.000000 161.953125 -1798.000000 2222.000000 -1920.000000 2466.000000 -1676.000000
G13 G13.n3s 1942.505824 156.725443 -2004.090406 1785.012000 -2097.070000 2100.000000 -1911.111000
G16 G16.n3s 1726.481470 186.276332 -1553.962128 1596.963000 -1723.977000 1856.000000 -1383.947000
G17 G17.n3s 1670.904633 190.406250 -1229.914558 1446.544000 -1432.000000 1895.266000 -1027.829000
G18 G18.n3s 1622.334937 159.102396 -1920.000000 1490.000000 -2042.000000 1754.670000 -1798.000000
G19 G19.n3s 2771.000000 186.415447 -1225.323425 2588.000000 -1432.000000 2954.000000 -1018.647000
G2 G2.n3s 2136.208146 173.024880 -1954.100591 2019.588000 -2125.247000 2252.828000 -1782.954000
G20 G20.n3s 2466.000000 163.097243 -1554.000000 2344.000000 -1676.000000 2588.000000 -1432.000000
G21 G21.n3s 2743.192434 180.765625 -1463.936961 2532.385000 -1617.874000 2954.000000 -1310.000000
G22 G22.n3s 2227.092219 157.935856 -1554.000000 2100.000000 -1676.000000 2354.184000 -1432.000000
G23 G23.n3s 2039.000000 156.783964 -1477.163310 1856.000000 -1676.000000 2222.000000 -1278.327000
G25 G25.n3s 2458.970434 162.160849 -1758.089506 2309.679000 -1888.359000 2608.262000 -1627.820000
G26 G26.n3s 2458.247252 168.371528 -1397.506584 2328.495000 -1485.013000 2588.000000 -1310.000000
G27 G27.n3s 2954.000000 190.913716 -1184.570312 2710.000000 -1547.141000 3198.000000 -822.000000
G28 G28.n3s 1911.937500 162.823872 -1727.778325 1841.150000 -1835.536000 1982.725000 -1620.021000
G29 G29.n3s 1821.609666 164.559967 -1977.984424 1734.000000 -2042.000000 1909.219000 -1913.969000
G3 G3.n3s 2223.033203 158.773679 -2042.000000 2102.066000 -2164.000000 2344.000000 -1920.000000
G4 G4.n3s 1785.750000 181.683594 -1675.579482 1648.578000 -1798.000000 1922.922000 -1553.159000
G5 G5.n3s 1368.000000 155.841725 -2194.217116 1246.000000 -2224.434000 1490.000000 -2164.000000
G6 G6.n3s 1632.934621 171.280052 -2104.961631 1409.869000 -2213.460000 1856.000000 -1996.464000
G7 G7.n3s 1382.868814 162.565844 -2084.484326 1217.999000 -2164.000000 1547.738000 -2004.969000
H1 H1.n3s 1389.613430 151.705214 -1321.494141 1246.000000 -1432.000000 1533.227000 -1210.988000
H10 H10.n3s 758.000000 120.182683 -1712.683833 636.000000 -1798.000000 880.000000 -1627.368000
H11 H11.n3s 984.413282 139.734375 -1452.927874 844.826600 -1595.856000 1124.000000 -1310.000000
H12 H12.n3s 758.000000 131.724243 -1432.000000 636.000000 -1676.000000 880.000000 -1188.000000
H13 H13.n3s 805.855544 123.842968 -1166.626613 609.711100 -1325.674000 1002.000000 -1007.580000
H14 H14.n3s 1185.000000 118.437500 -1320.356376 1002.000000 -1557.236000 1368.000000 -1083.477000
H15 H15.n3s 998.258243 126.921875 -1821.385057 872.516500 -1966.770000 1124.000000 -1676.000000
H16 H16.n3s 941.000000 123.082685 -1628.090267 880.000000 -1702.181000 1002.000000 -1554.000000
H17 H17.n3s 1046.262277 127.546875 -1676.000000 968.524600 -1798.000000 1124.000000 -1554.000000
H18 H18.n3s 728.187396 120.751924 -1833.319607 576.374800 -1928.570000 880.000000 -1738.070000
H2 H2.n3s 1192.548988 156.270602 -1904.590567 1090.188000 -2042.000000 1294.910000 -1767.181000
H3 H3.n3s 1268.500000 139.734375 -1605.974294 1124.000000 -1798.000000 1413.000000 -1413.949000
H4 H4.n3s 1088.307578 140.683016 -2016.743366 1002.000000 -2113.487000 1174.615000 -1920.000000
H5 H5.n3s 1215.241550 152.331362 -2104.955713 1124.000000 -2198.978000 1306.483000 -2010.933000
H6 H6.n3s 850.967035 129.337358 -2120.200016 757.555300 -2286.000000 944.378800 -1954.400000
H7 H7.n3s 945.433758 136.093750 -1981.000000 880.000000 -2042.000000 1010.868000 -1920.000000
H8 H8.n3s 753.541975 142.832377 -2100.671833 627.083900 -2286.000000 880.000000 -1915.344000
H9 H9.n3s 663.446227 117.558063 -1591.540897 568.892500 -1676.387000 758.000000 -1506.695000
I1 I1.n3s 156.222653 125.453125 -611.151273 12.020120 -822.000000 300.425200 -400.302500
I11 I11.n3s 335.110490 125.781250 -210.089337 -123.032900 -486.792100 793.253900 66.613390
I12 I12.n3s 850.765625 133.314533 -738.011955 636.000000 -1142.024000 1065.531000 -334.000000
I2 I2.n3s -96.000000 129.359375 -547.593750 -340.000000 -639.187500 148.000000 -456.000000
I3 I3.n3s 514.000000 132.765625 -511.530562 270.000000 -596.490700 758.000000 -426.570500
I4 I4.n3s -46.417969 108.906250 -700.000000 -118.835900 -822.000000 26.000000 -578.000000
I6 I6.n3s 487.341046 139.138224 -763.488930 216.682100 -968.229800 758.000000 -558.748100
I7 I7.n3s 719.032012 127.011625 -889.956610 626.509100 -985.872000 811.555000 -794.041200
I9 I9.n3s 758.000000 128.500000 -678.194968 636.000000 -822.000000 880.000000 -534.389900
J1 J1.n3s -373.905237 160.843750 -1371.000000 -584.000000 -1554.000000 -163.810500 -1188.000000
J10 J10.n3s -69.966238 143.804713 -1493.000000 -218.000000 -1676.000000 78.067520 -1310.000000
J11 J11.n3s 501.385577 136.601449 -1232.584756 366.771200 -1465.372000 636.000000 -999.797500
J12 J12.n3s 84.142252 114.656346 -2132.091395 19.459530 -2222.183000 148.825000 -2042.000000
J13 J13.n3s -218.000000 110.681151 -2119.523449 -340.000000 -2197.047000 -96.000000 -2042.000000
J14 J14.n3s -340.000000 119.484375 -1798.000000 -584.000000 -2042.000000 -96.000000 -1554.000000
J2 J2.n3s -85.059161 118.712891 -2058.513688 -196.118300 -2197.027000 26.000000 -1920.000000
J20 J20.n3s 255.835938 145.238281 -847.357598 57.629420 -994.715200 454.042500 -700.000000
J22 J22.n3s 372.311936 133.897158 -1245.915678 335.440400 -1395.205000 409.183500 -1096.626000
J28 J28.n3s 490.584199 115.046875 -1505.996114 345.168400 -1600.679000 636.000000 -1411.313000
J29 J29.n3s 514.000000 135.425955 -947.201200 392.000000 -1072.402000 636.000000 -822.000000
J3 J3.n3s 551.465184 116.467422 -1700.326172 466.930400 -1846.652000 636.000000 -1554.000000
J30 J30.n3s -52.584939 126.193100 -1779.819952 -131.169900 -1937.003000 26.000000 -1622.637000
J32 J32.n3s 161.575074 132.289451 -1615.000000 -3.171521 -1798.000000 326.321700 -1432.000000
J33 J33.n3s 116.138018 113.321488 -1896.628767 -96.000000 -2042.000000 328.276000 -1751.258000
J35 J35.n3s 357.348850 135.495803 -1527.552381 270.000000 -1623.105000 444.697700 -1432.000000
J4 J4.n3s 39.664101 136.587884 -1253.561091 -96.000000 -1441.122000 175.328200 -1066.000000
J40 J40.n3s -146.871778 117.531806 -1287.387883 -224.251900 -1386.776000 -69.491650 -1188.000000
J41 J41.n3s 106.958191 112.412109 -1463.865843 46.078120 -1575.304000 167.838300 -1352.428000
J42 J42.n3s -18.377910 125.239115 -1170.318604 -96.000000 -1310.000000 59.244180 -1030.637000
J44 J44.n3s 142.017578 123.698130 -1149.461548 26.000000 -1354.923000 258.035200 -944.000000
J46 J46.n3s 270.000000 133.900080 -1005.000000 148.000000 -1066.000000 392.000000 -944.000000
J49 J49.n3s -37.665778 143.312500 -883.000000 -223.331600 -1066.000000 148.000000 -700.000000
J5 J5.n3s 304.933706 125.226249 -2042.000000 95.867410 -2286.000000 514.000000 -1798.000000
J53 J53.n3s -283.052596 129.937500 -1186.512110 -373.896500 -1336.361000 -192.208700 -1036.663000
J54 J54.n3s -157.000000 122.857875 -1127.000000 -218.000000 -1188.000000 -96.000000 -1066.000000
J55 J55.n3s -333.927026 126.351248 -969.781115 -462.000000 -1197.828000 -205.854100 -741.734000
J58 J58.n3s 263.237744 114.142578 -2185.311083 134.475500 -2286.000000 392.000000 -2084.622000
J6 J6.n3s 248.289515 180.684368 -1278.870439 104.579000 -1535.130000 392.000000 -1022.611000
J7 J7.n3s 362.656070 120.370106 -1851.318581 270.000000 -1949.429000 455.312100 -1753.208000
J9 J9.n3s 376.280197 114.212735 -1694.611342 238.560400 -1835.223000 514.000000 -1554.000000
K1 K1.n3s 1063.000000 148.009007 -2309.361997 880.000000 -2605.332000 1246.000000 -2013.392000
K10 K10.n3s 526.062500 111.927285 -2365.880864 358.455000 -2471.512000 693.670000 -2260.250000
K11 K11.n3s 85.215707 128.106820 -2596.437045 -25.696780 -2701.342000 196.128200 -2491.532000
K12 K12.n3s 196.873218 158.781648 -3054.042969 -364.253600 -3578.086000 758.000000 -2530.000000
K15 K15.n3s 697.000000 131.515625 -2866.998047 392.000000 -3325.996000 1002.000000 -2408.000000
K2 K2.n3s 758.000000 119.889623 -2416.866361 636.000000 -2547.733000 880.000000 -2286.000000
K3 K3.n3s -157.000000 116.585860 -2652.000000 -340.000000 -2774.000000 26.000000 -2530.000000
K4 K4.n3s 858.297185 148.114305 -2184.691440 714.594400 -2340.793000 1002.000000 -2028.590000
K5 K5.n3s -96.000000 106.872026 -2286.000000 -218.000000 -2408.000000 26.000000 -2164.000000
K6 K6.n3s -65.429616 127.367752 -2381.819167 -340.000000 -2599.638000 209.140800 -2164.000000
K8 K8.n3s 209.000000 104.530906 -2286.000000 26.000000 -2408.000000 392.000000 -2164.000000
K9 K9.n3s 286.776267 105.921875 -2515.402595 148.000000 -2652.000000 425.552500 -2378.805000
L1 L1.n3s -491.505372 107.978473 -1776.374144 -643.010700 -1938.342000 -340.000000 -1614.406000
L3 L3.n3s -498.519780 124.421875 -2175.144176 -739.413400 -2552.288000 -257.626100 -1798.000000
L5 L5.n3s -671.431731 180.010816 -2677.978009 -1036.432000 -2947.956000 -306.431500 -2408.000000
L6 L6.n3s -808.291903 178.748445 -1962.492588 -1040.352000 -2450.169000 -576.231400 -1474.816000
L7 L7.n3s -525.718750 126.968750 -2225.000000 -603.601200 -2408.000000 -447.836300 -2042.000000
L8 L8.n3s -442.899887 144.672118 -2520.703739 -584.000000 -2633.407000 -301.799800 -2408.000000
L9 L9.n3s -706.000000 126.109375 -1633.066852 -828.000000 -1834.134000 -584.000000 -1432.000000
M1 M1.n3s -519.576459 138.982557 -685.994555 -615.192000 -944.000000 -423.960900 -427.989100
M10 M10.n3s -988.715831 179.147156 -988.607507 -1200.264000 -1188.000000 -777.167500 -789.215000
M12 M12.n3s -706.000000 123.968750 -883.000000 -828.000000 -1188.000000 -584.000000 -578.000000
M13 M13.n3s -892.401835 165.863402 -687.467732 -1078.804000 -822.000000 -706.000000 -552.935500
M14 M14.n3s -828.000000 126.796875 -883.000000 -950.000000 -1066.000000 -706.000000 -700.000000
M3 M3.n3s -706.000000 134.027479 -1330.283788 -828.000000 -1676.000000 -584.000000 -984.567600
M4 M4.n3s -590.842236 117.530184 -1348.106790 -706.000000 -1599.277000 -475.684500 -1096.936000
M6 M6.n3s -462.000000 130.250000 -1184.532595 -584.000000 -1310.000000 -340.000000 -1059.065000
M7 M7.n3s -506.675239 118.336871 -980.653815 -606.388100 -1066.000000 -406.962400 -895.307600
M8 M8.n3s -402.117593 133.631420 -764.611328 -464.235200 -944.000000 -340.000000 -585.222700
M9 M9.n3s -928.477837 179.984375 -1313.467143 -1150.956000 -1554.000000 -706.000000 -1072.934000
N1 N1.n3s -59.611159 126.819400 -276.867188 -267.222300 -480.805000 148.000000 -72.929340
N6 N6.n3s -340.000000 134.613281 89.783863 -584.000000 -109.529900 -96.000000 289.097700
